47 1459427530 0.200000 -1.000000 -101.000000 0.000000 0.000000
47 1459427531 0.200000 -1.000000 -101.000000 0.000000 0.000000
47 1459427532 0.200000 -1.000000 -101.000000 0.000000 0.000000
47 1459427533 0.200000 -1.000000 -101.000000 0.000000 0.000000
47 1459427534 0.200000 -1.000000 -101.000000 0.000000 0.000000
47 1459427535 0.200000 -1.000000 -101.000000 0.000000 0.000000
47 1459427536 0.200000 -1.000000 -101.000000 0.000000 0.000000
47 1459427537 0.200000 -1.000000 -101.000000 0.000000 0.000000
47 1459427538 0.200000 -1.000000 -101.000000 0.000000 0.000000
47 1459427539 0.200000 -1.000000 -101.000000 0.000000 0.000000
47 1459427550 0.400000 -1.000000 -101.000000 0.000000 0.000000
47 1459427551 0.400000 -1.000000 -101.000000 0.000000 0.000000
47 1459427552 0.400000 -1.000000 -101.000000 0.000000 0.000000
47 1459427553 0.400000 -1.000000 -101.000000 0.000000 0.000000
47 1459427554 0.400000 -1.000000 -101.000000 0.000000 0.000000
47 1459427555 0.600000 -1.000000 -101.000000 0.000000 0.000000
47 1459427556 0.600000 -1.000000 -101.000000 0.000000 0.000000
47 1459427557 0.600000 -1.000000 -101.000000 0.000000 0.000000
47 1459427558 0.600000 -1.000000 -101.000000 0.000000 0.000000
47 1459427559 0.600000 -1.000000 -101.000000 0.000000 0.000000
47 1459427560 0.200000 -1.000000 -101.000000 0.000000 0.000000
47 1459427561 0.200000 -1.000000 -101.000000 0.000000 0.000000
47 1459427562 0.200000 -1.000000 -101.000000 0.000000 0.000000
47 1459427563 0.200000 -1.000000 -101.000000 0.000000 0.000000
47 1459427564 0.200000 -1.000000 -101.000000 0.000000 0.000000
47 1459427570 0.400000 -1.000000 -101.000000 0.000000 0.000000
47 1459427571 0.400000 -1.000000 -101.000000 0.000000 0.000000
47 1459427572 0.400000 -1.000000 -101.000000 0.000000 0.000000
47 1459427573 0.400000 -1.000000 -101.000000 0.000000 0.000000
47 1459427574 0.400000 -1.000000 -101.000000 0.000000 0.000000
47 1459427575 0.600000 -1.000000 -101.000000 0.000000 0.000000
47 1459427576 0.600000 -1.000000 -101.000000 0.000000 0.000000
47 1459427577 0.600000 -1.000000 -101.000000 0.000000 0.000000
47 1459427578 0.600000 -1.000000 -101.000000 0.000000 0.000000
47 1459427579 0.600000 -1.000000 -101.000000 0.000000 0.000000
47 1459427580 0.200000 -1.000000 -101.000000 0.000000 0.000000
47 1459427581 0.200000 -1.000000 -101.000000 0.000000 0.000000
47 1459427582 0.200000 -1.000000 -101.000000 0.000000 0.000000
47 1459427583 0.200000 -1.000000 -101.000000 0.000000 0.000000
47 1459427584 0.200000 -1.000000 -101.000000 0.000000 0.000000
47 1459427595 0.600000 -1.000000 -101.000000 0.000000 0.000000
47 1459427596 0.600000 -1.000000 -101.000000 0.000000 0.000000
47 1459427597 0.600000 -1.000000 -101.000000 0.000000 0.000000
47 1459427598 0.600000 -1.000000 -101.000000 0.000000 0.000000
47 1459427599 0.600000 -1.000000 -101.000000 0.000000 0.000000
47 1459427600 0.400000 -1.000000 -101.000000 0.000000 0.000000
47 1459427601 0.400000 -1.000000 -101.000000 0.000000 0.000000
47 1459427602 0.400000 -1.000000 -101.000000 0.000000 0.000000
47 1459427603 0.400000 -1.000000 -101.000000 0.000000 0.000000
47 1459427604 0.400000 -1.000000 -101.000000 0.000000 0.000000
47 1459427605 0.200000 -1.000000 -101.000000 0.000000 0.000000
47 1459427606 0.200000 -1.000000 -101.000000 0.000000 0.000000
47 1459427607 0.200000 -1.000000 -101.000000 0.000000 0.000000
47 1459427608 0.200000 -1.000000 -101.000000 0.000000 0.000000
47 1459427609 0.200000 -1.000000 -101.000000 0.000000 0.000000
47 1459427615 0.400000 -1.000000 -101.000000 0.000000 0.000000
47 1459427616 0.400000 -1.000000 -101.000000 0.000000 0.000000
47 1459427617 0.400000 -1.000000 -101.000000 0.000000 0.000000
47 1459427618 0.400000 -1.000000 -101.000000 0.000000 0.000000
47 1459427619 0.400000 -1.000000 -101.000000 0.000000 0.000000
47 1459427620 0.600000 -1.000000 -101.000000 0.000000 0.000000
47 1459427621 0.600000 -1.000000 -101.000000 0.000000 0.000000
47 1459427622 0.600000 -1.000000 -101.000000 0.000000 0.000000
47 1459427623 0.600000 -1.000000 -101.000000 0.000000 0.000000
47 1459427624 0.600000 -1.000000 -101.000000 0.000000 0.000000
47 1459427625 0.200000 -1.000000 -101.000000 0.000000 0.000000
47 1459427626 0.200000 -1.000000 -101.000000 0.000000 0.000000
47 1459427627 0.200000 -1.000000 -101.000000 0.000000 0.000000
47 1459427628 0.200000 -1.000000 -101.000000 0.000000 0.000000
47 1459427629 0.200000 -1.000000 -101.000000 0.000000 0.000000
47 1459427640 0.600000 -1.000000 -101.000000 0.000000 0.000000
47 1459427641 0.600000 -1.000000 -101.000000 0.000000 0.000000
47 1459427642 0.600000 -1.000000 -101.000000 0.000000 0.000000
47 1459427643 0.600000 -1.000000 -101.000000 0.000000 0.000000
47 1459427644 0.600000 -1.000000 -101.000000 0.000000 0.000000
47 1459427645 0.400000 -1.000000 -101.000000 0.000000 0.000000
47 1459427646 0.400000 -1.000000 -101.000000 0.000000 0.000000
47 1459427647 0.400000 -1.000000 -101.000000 0.000000 0.000000
47 1459427648 0.400000 -1.000000 -101.000000 0.000000 0.000000
47 1459427649 0.400000 -1.000000 -101.000000 0.000000 0.000000
47 1459427650 0.200000 -1.000000 -101.000000 0.000000 0.000000
47 1459427651 0.200000 -1.000000 -101.000000 0.000000 0.000000
47 1459427652 0.200000 -1.000000 -101.000000 0.000000 0.000000
47 1459427653 0.200000 -1.000000 -101.000000 0.000000 0.000000
47 1459427654 0.200000 -1.000000 -101.000000 0.000000 0.000000
47 1459427660 0.400000 -1.000000 -101.000000 0.000000 0.000000
47 1459427661 0.400000 -1.000000 -101.000000 0.000000 0.000000
47 1459427662 0.400000 -1.000000 -101.000000 0.000000 0.000000
47 1459427663 0.400000 -1.000000 -101.000000 0.000000 0.000000
47 1459427664 0.400000 -1.000000 -101.000000 0.000000 0.000000
47 1459427665 0.600000 -1.000000 -101.000000 0.000000 0.000000
47 1459427666 0.600000 -1.000000 -101.000000 0.000000 0.000000
47 1459427667 0.600000 -1.000000 -101.000000 0.000000 0.000000
47 1459427668 0.600000 -1.000000 -101.000000 0.000000 0.000000
47 1459427669 0.600000 -1.000000 -101.000000 0.000000 0.000000
47 1459427670 0.200000 -1.000000 -101.000000 0.000000 0.000000
47 1459427671 0.200000 -1.000000 -101.000000 0.000000 0.000000
47 1459427672 0.200000 -1.000000 -101.000000 0.000000 0.000000
47 1459427673 0.200000 -1.000000 -101.000000 0.000000 0.000000
47 1459427674 0.200000 -1.000000 -101.000000 0.000000 0.000000
47 1459427685 1.000000 -1.000000 -101.000000 0.000000 0.000000
47 1459427686 1.000000 -1.000000 -101.000000 0.000000 0.000000
47 1459427687 1.000000 -1.000000 -101.000000 0.000000 0.000000
47 1459427688 1.000000 -1.000000 -101.000000 0.000000 0.000000
47 1459427689 1.000000 -1.000000 -101.000000 0.000000 0.000000
47 1459427690 0.200000 -1.000000 -101.000000 0.000000 0.000000
47 1459427691 0.200000 -1.000000 -101.000000 0.000000 0.000000
47 1459427692 0.200000 -1.000000 -101.000000 0.000000 0.000000
47 1459427693 0.200000 -1.000000 -101.000000 0.000000 0.000000
47 1459427694 0.200000 -1.000000 -101.000000 0.000000 0.000000
47 1459427705 0.400000 -1.000000 -101.000000 0.000000 0.000000
47 1459427706 0.400000 -1.000000 -101.000000 0.000000 0.000000
47 1459427707 0.400000 -1.000000 -101.000000 0.000000 0.000000
47 1459427708 0.400000 -1.000000 -101.000000 0.000000 0.000000
47 1459427709 0.400000 -1.000000 -101.000000 0.000000 0.000000
47 1459427710 0.600000 -1.000000 -101.000000 0.000000 0.000000
47 1459427711 0.600000 -1.000000 -101.000000 0.000000 0.000000
47 1459427712 0.600000 -1.000000 -101.000000 0.000000 0.000000
47 1459427713 0.600000 -1.000000 -101.000000 0.000000 0.000000
47 1459427714 0.600000 -1.000000 -101.000000 0.000000 0.000000
47 1459427715 0.200000 -1.000000 -101.000000 0.000000 0.000000
47 1459427716 0.200000 -1.000000 -101.000000 0.000000 0.000000
47 1459427717 0.200000 -1.000000 -101.000000 0.000000 0.000000
47 1459427718 0.200000 -1.000000 -101.000000 0.000000 0.000000
47 1459427719 0.200000 -1.000000 -101.000000 0.000000 0.000000
47 1459427730 0.400000 -1.000000 -101.000000 0.000000 0.000000
47 1459427731 0.400000 -1.000000 -101.000000 0.000000 0.000000
47 1459427732 0.400000 -1.000000 -101.000000 0.000000 0.000000
47 1459427733 0.400000 -1.000000 -101.000000 0.000000 0.000000
47 1459427734 0.400000 -1.000000 -101.000000 0.000000 0.000000
47 1459427735 0.600000 -1.000000 -101.000000 0.000000 0.000000
47 1459427736 0.600000 -1.000000 -101.000000 0.000000 0.000000
47 1459427737 0.600000 -1.000000 -101.000000 0.000000 0.000000
47 1459427738 0.600000 -1.000000 -101.000000 0.000000 0.000000
47 1459427739 0.600000 -1.000000 -101.000000 0.000000 0.000000
47 1459427740 0.200000 -1.000000 -101.000000 0.000000 0.000000
47 1459427741 0.200000 -1.000000 -101.000000 0.000000 0.000000
47 1459427742 0.200000 -1.000000 -101.000000 0.000000 0.000000
47 1459427743 0.200000 -1.000000 -101.000000 0.000000 0.000000
47 1459427744 0.200000 -1.000000 -101.000000 0.000000 0.000000
47 1459427750 0.400000 -1.000000 -101.000000 0.000000 0.000000
47 1459427751 0.400000 -1.000000 -101.000000 0.000000 0.000000
47 1459427752 0.400000 -1.000000 -101.000000 0.000000 0.000000
47 1459427753 0.400000 -1.000000 -101.000000 0.000000 0.000000
47 1459427754 0.400000 -1.000000 -101.000000 0.000000 0.000000
47 1459427755 0.600000 -1.000000 -101.000000 0.000000 0.000000
47 1459427756 0.600000 -1.000000 -101.000000 0.000000 0.000000
47 1459427757 0.600000 -1.000000 -101.000000 0.000000 0.000000
47 1459427758 0.600000 -1.000000 -101.000000 0.000000 0.000000
47 1459427759 0.600000 -1.000000 -101.000000 0.000000 0.000000
47 1459427760 0.200000 -1.000000 -101.000000 0.000000 0.000000
47 1459427761 0.200000 -1.000000 -101.000000 0.000000 0.000000
47 1459427762 0.200000 -1.000000 -101.000000 0.000000 0.000000
47 1459427763 0.200000 -1.000000 -101.000000 0.000000 0.000000
47 1459427764 0.200000 -1.000000 -101.000000 0.000000 0.000000
47 1459427775 0.400000 -1.000000 -101.000000 0.000000 0.000000
47 1459427776 0.400000 -1.000000 -101.000000 0.000000 0.000000
47 1459427777 0.400000 -1.000000 -101.000000 0.000000 0.000000
47 1459427778 0.400000 -1.000000 -101.000000 0.000000 0.000000
47 1459427779 0.400000 -1.000000 -101.000000 0.000000 0.000000
47 1459427780 0.600000 -1.000000 -101.000000 0.000000 0.000000
47 1459427781 0.600000 -1.000000 -101.000000 0.000000 0.000000
47 1459427782 0.600000 -1.000000 -101.000000 0.000000 0.000000
47 1459427783 0.600000 -1.000000 -101.000000 0.000000 0.000000
47 1459427784 0.600000 -1.000000 -101.000000 0.000000 0.000000
47 1459427785 0.200000 -1.000000 -101.000000 0.000000 0.000000
47 1459427848 1.000000 -1.000000 1.000000 1.000000 0.200000
47 1459427847 1.000000 -1.000000 1.000000 1.000000 0.200000
47 1459427846 1.000000 -1.000000 1.000000 1.000000 0.200000
47 1459427845 1.000000 -1.000000 1.000000 1.000000 0.200000
47 1459427844 0.400000 -1.000000 0.400000 0.400000 0.032000
47 1459427843 0.400000 -1.000000 0.400000 0.400000 0.032000
47 1459427842 0.400000 -1.000000 0.400000 0.400000 0.032000
47 1459427841 0.400000 -1.000000 0.400000 0.400000 0.032000
47 1459427840 0.400000 -1.000000 0.400000 0.400000 0.032000
47 1459427829 0.200000 -1.000000 0.200000 0.200000 0.008000
47 1459427828 0.200000 -1.000000 0.200000 0.200000 0.008000
47 1459427827 0.200000 -1.000000 0.200000 0.200000 0.008000
47 1459427826 0.200000 -1.000000 0.200000 0.200000 0.008000
47 1459427825 0.200000 -1.000000 0.200000 0.200000 0.008000
47 1459427824 1.000000 -1.000000 1.000000 1.000000 0.200000
47 1459427823 1.000000 -1.000000 1.000000 1.000000 0.200000
47 1459427822 1.000000 -1.000000 1.000000 1.000000 0.200000
47 1459427821 1.000000 -1.000000 1.000000 1.000000 0.200000
47 1459427820 1.000000 -1.000000 1.000000 1.000000 0.200000
47 1459427809 0.200000 -1.000000 0.200000 0.200000 0.008000
47 1459427808 0.200000 -1.000000 0.200000 0.200000 0.008000
47 1459427807 0.200000 -1.000000 0.200000 0.200000 0.008000
47 1459427806 0.200000 -1.000000 0.200000 0.200000 0.008000
47 1459427805 0.200000 -1.000000 0.200000 0.200000 0.008000
47 1459427804 0.600000 -1.000000 0.600000 0.600000 0.072000
47 1459427803 0.600000 -1.000000 0.600000 0.600000 0.072000
47 1459427802 0.600000 -1.000000 0.600000 0.600000 0.072000
47 1459427801 0.600000 -1.000000 0.600000 0.600000 0.072000
47 1459427800 0.600000 -1.000000 0.600000 0.600000 0.072000
47 1459427799 0.400000 -1.000000 0.400000 0.400000 0.032000
47 1459427798 0.400000 -1.000000 0.400000 0.400000 0.032000
47 1459427797 0.400000 -1.000000 0.400000 0.400000 0.032000
47 1459427796 0.400000 -1.000000 0.400000 0.400000 0.032000
47 1459427795 0.400000 -1.000000 0.400000 0.400000 0.032000
47 1459427789 0.200000 -1.000000 0.200000 0.200000 0.008000
47 1459427788 0.200000 -1.000000 0.200000 0.200000 0.008000
47 1459427787 0.200000 -1.000000 0.200000 0.200000 0.008000
47 1459427786 0.200000 -1.000000 0.200000 0.200000 0.008000
